276700101
245846041
279400249
81722514
276333597
276121729
150825833
102225610
227537513
251815053
276212364
283937068
287625546
290595825
283278108
290663335
272586065
283185952
147491389
257740268
232265958
286573126
241368245
210257275
264821792
276454890
283586891
275171340
207716104
274618140
233537583
288795464
211006773
128131935
288800588
261598946
211233383
278067440
276232317
285314369
291052206
283176442
274587859
291724034
289321183
287776834
282772777
225976794
252685413
202026963
285480531
56721642
287416973
268929129
285366332
241771757
283372301
235371195
279597787
283282779
294826163
201966217
7445150496
221282113
276597543
283915399
245255624
281200006
275836660
276461510
238963092
250130299
237351586
278895961
264934735
240839535
261708778
291176356
250665707
208435537
287674537
285519836
53630274
278980818
280539609
193901806
69333230
282697103
276598117
161107506
275523748
283937015
213236318
192432805
283263587
239627724
186816592
283726067
281111531
238508438
285499599
191038775
278958106
274178030
152636908
226858695
230391739
287870916
205524704
227718901
184236852
287781096
262887342
285344409
275714057
287325694
156407051
154549505
285491139
285935437
291833221
163140218
283052043
283751565
218132313
275549646
142818224
276641817
290099844
235470748
276614545
214264440
276285260
289137657
127183090
293936406
287560128
285303417
285314413
283325817
124396781
291032479
287570078
283398724
281209794
236695486
291369663
173564113
285674870
257373967
276332848
274764989
291124825
291765753
291034993
279912292
145189175
276295654
276423823
285443892
255526807
232213574
283339700
201603518
270984146
225443606
221742380
188677737
290444298
290502220
290924959
288149493
283469627
266300007
