147491389
128131935
287360965
233844017
86752105
251815053
276454890
276482288
290595825
231733072
276462880
279597787
285480531
275161589
279068810
276212216
174189238
285374918
283251306
350524514
285482908
69157398
290489815
291032463
239707659
290655981
276658128
291025008
214264440
285314153
192432805
211194902
273329418
287776834
276285260
244825387
56721642
276212101
287462590
212703144
213897408
293050161
290233710
281200006
208435537
291022342
280335717
231425470
284504331
251714159
34927233
286573126
192197906
188677737
290444298
275838399
289662824
293050781
283325817
234448879
